[0, 58.5, 63, 0, 0] [228446.1344494546, 0, 0, 7425.65394367071, -12011.643295740907] 142777.093201
[-0.9980948533030992, 58.5, 63, -0.03244312713563314, 0.05247958947558501] [190130.23383049396, -4826.260774536486, -2304.612208022714, -299.0643130262651, -5579.529969863435] 469430.127728
[-0.07586971676909211, 58.5, 63, -0.0024661492429684387, 0.0039892116230176924] [-580615.7383089734, -468.2649112337395, 313.966840909003, -4370.383845462691, -6012.016415002548] 154221.132139
[-0.02370474218285381, 58.5, 63, -0.0007705239254672189, 0.0012463896935885422] [-96804.93936505666, -247.25357075001583, -82.75048919971641, 3367.0930727616246, -10471.439861247927] 135233.442626
[-0.016694208255410178, 58.50001270289997, 63.000004251389306, -0.0008772962082467132, 0.00167726106333414] [106267.66037002952, -185.3092510939912, -67.01815777412271, 3921.707736771621, -11133.463295599393] 135396.172984
[-0.021244176973249297, 58.50000445847835, 63.00000149215748, -0.000807998983298239, 0.0013976174193485477] [-12307.639717648328, -222.4704034313042, -85.80331903889315, 3927.5229057500474, -10514.572867506931] 135586.742842
[-0.023501236516528072, 58.500000368746825, 63.00000012341169, -0.0007736233704990874, 0.0012588972666362252] [-89125.73412884903, -243.13908996094725, -83.87492286833515, 3447.2240533371505, -10387.261165820892] 135260.880113
[-0.023689163252922914, 58.500000028228605, 63.00000000944751, -0.0007707611966835341, 0.0012473471834099977] [-95984.07936408868, -247.09265792984408, -82.83360236345447, 3372.9777041520197, -10471.548923983304] 135235.493302
[-0.023703543887190145, 58.50000000217128, 63.00000000072668, -0.000770542175826575, 0.0012464633415159765] [-96738.84599757376, -247.24030986159806, -82.75315362446389, 3367.3885885409636, -10471.40909717232] 135233.600677
[-0.023704650234278826, 58.50000000016661, 63.00000000005576, -0.000770525325868294, 0.0012463953447998278] [-96800.50016047254, -247.25300063431214, -82.75060349766554, 3367.1117208567216, -10471.456329961215] 135233.454749
[-0.023704735126305443, 58.50000000001279, 63.00000000000428, -0.0007705240329403137, 0.0012463901272879853] [-96804.59868049722, -247.253526996883, -82.75049797156535, 3367.0945039000844, -10471.4411251318] 135233.443557
[-0.023704741641295674, 58.50000000000098, 63.00000000000033, -0.0007705239337152923, 0.0012463897268730107] [-96804.9132190602, -247.25356739216315, -82.75048987291508, 3367.0931825949774, -10471.439958245384] 135233.442698
[-0.023704742141291726, 58.50000000000008, 63.00000000000003, -0.0007705239261002203, 0.0012463896961429713] [-96804.93735847196, -247.25357049231854, -82.75048925138088, 3367.0930811908165, -10471.439868692149] 135233.442632
[-0.02370474217966411, 58.50000000000001, 63, -0.0007705239255157988, 0.0012463896937845828] [-96804.93921105973, -247.2535707302424, -82.75048920367901, 3367.0930734084372, -10471.439861819372] 135233.442627
[-0.023704742182609075, 58.5, 63, -0.0007705239254709463, 0.0012463896936035837] [-96804.93935324196, -247.25357074849765, -82.75048920002197, 3367.093072811341, -10471.43986129175] 135233.442626
[-0.02370474218283502, 58.5, 63, -0.000770523925467505, 0.001246389693589697] [-96804.939364148, -247.25357074990333, -82.75048919973682, 3367.0930727653417, -10471.439861251485] 135233.442626
[-0.023704742182852356, 58.5, 63, -0.000770523925467241, 0.0012463896935886315] [-96804.93936498588, -247.25357075000596, -82.75048919972164, 3367.0930727620625, -10471.439861248156] 135233.442626
[-0.023704742182853726, 58.5, 63, -0.0007705239254672202, 0.0012463896935885474] [-96804.93936505119, -247.25357075001904, -82.75048919971493, 3367.093072761592, -10471.43986124809] 135233.442626
[-0.02370474218285381, 58.5, 63, -0.0007705239254672189, 0.0012463896935885422] [-96804.93936505666, -247.25357075001583, -82.75048919971641, 3367.0930727616246, -10471.439861247927] 135233.442626
[-0.02370474218285381, 58.5, 63, -0.0007705239254672189, 0.0012463896935885422] [-96804.93936505666, -247.25357075001583, -82.75048919971641, 3367.0930727616246, -10471.439861247927] 135233.442626
[-0.023704742182853768, 58.5, 63, -0.0007705239254672195, 0.0012463896935885448] [-96804.93936505528, -247.2535707500145, -82.75048919971587, 3367.0930727616133, -10471.439861247902] 135233.442626
[-0.023704742182853768, 58.5, 63, -0.0007705239254672195, 0.0012463896935885448] [-96804.93936505528, -247.2535707500145, -82.75048919971587, 3367.0930727616133, -10471.439861247902] 135233.442626
[-0.023704742182853764, 58.5, 63, -0.0007705239254672195, 0.0012463896935885448] [-96804.93936505512, -247.25357075001443, -82.75048919971643, 3367.0930727616387, -10471.439861247893] 135233.442626
[-0.023704742182853747, 58.5, 63, -0.0007705239254672198, 0.001246389693588546] [-96804.93936505188, -247.25357075001955, -82.75048919971563, 3367.0930727616155, -10471.43986124811] 135233.442626

